0: (-2.05264e-10,1.18521e-11,0)
1: (-12.4223,-0.0280547,0)
2: (-13.6246,-0.0296961,0)
3: (-14.8806,-0.0313574,0)
4: (-16.0556,-0.0326502,0)
5: (-17.0608,-0.0333245,0)
6: (-17.8384,-0.0332164,0)
7: (-18.3581,-0.0322664,0)
8: (-18.6142,-0.0305312,0)
9: (-18.6206,-0.0281655,0)
10: (-18.4042,-0.0253795,0)
11: (-17.9993,-0.0223917,0)
12: (-17.4425,-0.0193937,0)
13: (-16.7692,-0.0165319,0)
14: (-16.0115,-0.0139036,0)
15: (-15.1974,-0.0115631,0)
16: (-14.3501,-0.00953088,0)
17: (-13.488,-0.0078042,0)
18: (-12.6235,-0.0063654,0)
19: (-11.7538,-0.00517144,0)
20: (-12.3316,-1.49676,0)
21: (-13.5254,-1.64057,0)
22: (-14.7724,-1.79076,0)
23: (-15.9391,-1.93102,0)
24: (-16.9371,-2.05059,0)
25: (-17.7093,-2.14246,0)
26: (-18.2255,-2.20302,0)
27: (-18.48,-2.23162,0)
28: (-18.4866,-2.23005,0)
29: (-18.272,-2.20172,0)
30: (-17.8703,-2.1509,0)
31: (-17.3178,-2.0821,0)
32: (-16.6495,-1.99965,0)
33: (-15.8975,-1.90745,0)
34: (-15.0894,-1.80886,0)
35: (-14.2483,-1.70665,0)
36: (-13.3924,-1.60298,0)
37: (-12.5341,-1.49932,0)
38: (-11.6707,-1.39528,0)
39: (-12.0679,-2.94455,0)
40: (-13.2363,-3.22855,0)
41: (-14.4568,-3.52519,0)
42: (-15.5988,-3.80246,0)
43: (-16.5757,-4.03925,0)
44: (-17.3316,-4.22182,0)
45: (-17.837,-4.34302,0)
46: (-18.0864,-4.40154,0)
47: (-18.0931,-4.40078,0)
48: (-17.8834,-4.3473,0)
49: (-17.4905,-4.24934,0)
50: (-16.95,-4.11568,0)
51: (-16.2962,-3.95479,0)
52: (-15.5603,-3.7743,0)
53: (-14.7696,-3.58083,0)
54: (-13.9464,-3.37986,0)
55: (-13.1088,-3.17569,0)
56: (-12.2688,-2.97124,0)
57: (-11.4238,-2.76582,0)
58: (-11.6348,-4.35104,0)
59: (-12.7614,-4.77127,0)
60: (-13.9383,-5.21021,0)
61: (-15.0395,-5.62061,0)
62: (-15.9816,-5.9713,0)
63: (-16.7106,-6.242,0)
64: (-17.1981,-6.42214,0)
65: (-17.4388,-6.50976,0)
66: (-17.4456,-6.50981,0)
67: (-17.2437,-6.43191,0)
68: (-16.8652,-6.28818,0)
69: (-16.3443,-6.09154,0)
70: (-15.7141,-5.85444,0)
71: (-15.0047,-5.58819,0)
72: (-14.2424,-5.30255,0)
73: (-13.4488,-5.00563,0)
74: (-12.6412,-4.70384,0)
75: (-11.8313,-4.40147,0)
76: (-11.0165,-4.09754,0)
77: (-11.0384,-5.69648,0)
78: (-12.1074,-6.24703,0)
79: (-13.2242,-6.82211,0)
80: (-14.2691,-7.35989,0)
81: (-15.1631,-7.81956,0)
82: (-15.855,-8.1746,0)
83: (-16.3178,-8.41115,0)
84: (-16.5465,-8.52664,0)
85: (-16.5532,-8.52749,0)
86: (-16.362,-8.42626,0)
87: (-16.0031,-8.23877,0)
88: (-15.5091,-7.9819,0)
89: (-14.9114,-7.67193,0)
90: (-14.2385,-7.32364,0)
91: (-13.5153,-6.94984,0)
92: (-12.7624,-6.56115,0)
93: (-11.9962,-6.16595,0)
94: (-11.2277,-5.76991,0)
95: (-10.4546,-5.37174,0)
96: (-10.2871,-6.96196,0)
97: (-11.2834,-7.6351,0)
98: (-12.3244,-8.33826,0)
99: (-13.2983,-8.99586,0)
100: (-14.1318,-9.55807,0)
101: (-14.7768,-9.99246,0)
102: (-15.2084,-10.2821,0)
103: (-15.4218,-10.4238,0)
104: (-15.4284,-10.4255,0)
105: (-15.2505,-10.3023,0)
106: (-14.9164,-10.0737,0)
107: (-14.4562,-9.76022,0)
108: (-13.8994,-9.38172,0)
109: (-13.2724,-8.9563,0)
110: (-12.5985,-8.49958,0)
111: (-11.8968,-8.02456,0)
112: (-11.1827,-7.54151,0)
113: (-10.4665,-7.05736,0)
114: (-9.74585,-6.57054,0)
115: (-9.39135,-8.12971,0)
116: (-10.3011,-8.916,0)
117: (-11.2516,-9.73736,0)
118: (-12.1409,-10.5056,0)
119: (-12.902,-11.1624,0)
120: (-13.4912,-11.67,0)
121: (-13.8855,-12.0087,0)
122: (-14.0807,-12.1747,0)
123: (-14.0871,-12.1771,0)
124: (-13.925,-12.0338,0)
125: (-13.6202,-11.7673,0)
126: (-13.2004,-11.4015,0)
127: (-12.6922,-10.9598,0)
128: (-12.12,-10.4632,0)
129: (-11.5048,-9.93,0)
130: (-10.8642,-9.37533,0)
131: (-10.2123,-8.81121,0)
132: (-9.55833,-8.24574,0)
133: (-8.90034,-7.6771,0)
134: (-8.3638,-9.18333,0)
135: (-9.17419,-10.0717,0)
136: (-10.0209,-10.9998,0)
137: (-10.8131,-11.8678,0)
138: (-11.4912,-12.61,0)
139: (-12.0162,-13.1838,0)
140: (-12.3677,-13.5667,0)
141: (-12.5419,-13.7546,0)
142: (-12.5479,-13.7578,0)
143: (-12.4039,-13.5963,0)
144: (-12.1329,-13.2956,0)
145: (-11.7592,-12.8828,0)
146: (-11.3068,-12.3841,0)
147: (-10.7974,-11.8233,0)
148: (-10.2496,-11.221,0)
149: (-9.67915,-10.5945,0)
150: (-9.09849,-9.95722,0)
151: (-8.516,-9.31837,0)
152: (-7.92988,-8.6759,0)
153: (-7.21887,-10.108,0)
154: (-7.9185,-11.0861,0)
155: (-8.64946,-12.1077,0)
156: (-9.33351,-13.0634,0)
157: (-9.91904,-13.8806,0)
158: (-10.3725,-14.5125,0)
159: (-10.6763,-14.9343,0)
160: (-10.827,-15.1415,0)
161: (-10.8327,-15.1453,0)
162: (-10.7088,-14.968,0)
163: (-10.4752,-14.6373,0)
164: (-10.153,-14.1832,0)
165: (-9.76278,-13.6345,0)
166: (-9.3232,-13.0173,0)
167: (-8.85049,-12.3545,0)
168: (-8.35817,-11.6649,0)
169: (-7.85696,-10.9634,0)
170: (-7.35412,-10.2602,0)
171: (-6.8481,-9.5529,0)
172: (-5.9726,-10.8908,0)
173: (-6.55165,-11.9448,0)
174: (-7.15666,-13.0457,0)
175: (-7.72288,-14.0756,0)
176: (-8.20765,-14.9564,0)
177: (-8.58319,-15.6374,0)
178: (-8.83497,-16.0922,0)
179: (-8.96017,-16.3158,0)
180: (-8.96531,-16.3203,0)
181: (-8.86328,-16.1295,0)
182: (-8.67043,-15.7735,0)
183: (-8.40423,-15.2845,0)
184: (-8.08165,-14.6935,0)
185: (-7.71815,-14.0287,0)
186: (-7.32715,-13.3146,0)
187: (-6.91985,-12.5716,0)
188: (-6.50513,-11.8158,0)
189: (-6.08899,-11.058,0)
190: (-5.67018,-10.2958,0)
191: (-4.64251,-11.5208,0)
192: (-5.09285,-12.6358,0)
193: (-5.56339,-13.8006,0)
194: (-6.00385,-14.8902,0)
195: (-6.38104,-15.8221,0)
196: (-6.6734,-16.5428,0)
197: (-6.86963,-17.0242,0)
198: (-6.96752,-17.261,0)
199: (-6.9721,-17.2661,0)
200: (-6.89336,-17.0646,0)
201: (-6.74397,-16.6883,0)
202: (-6.53748,-16.1712,0)
203: (-6.28707,-15.5462,0)
204: (-6.00475,-14.8431,0)
205: (-5.70095,-14.0878,0)
206: (-5.38439,-13.3018,0)
207: (-5.06198,-12.5022,0)
208: (-4.73839,-11.7005,0)
209: (-4.41266,-10.8942,0)
210: (-3.24726,-11.9889,0)
211: (-3.56256,-13.1494,0)
212: (-3.89204,-14.3617,0)
213: (-4.20054,-15.4957,0)
214: (-4.46486,-16.4658,0)
215: (-4.66994,-17.216,0)
216: (-4.80786,-17.7172,0)
217: (-4.87706,-17.964,0)
218: (-4.88102,-17.9695,0)
219: (-4.82667,-17.7601,0)
220: (-4.72283,-17.3688,0)
221: (-4.57896,-16.8309,0)
222: (-4.40423,-16.1807,0)
223: (-4.20706,-15.4491,0)
224: (-3.99472,-14.6632,0)
225: (-3.77334,-13.8453,0)
226: (-3.54776,-13.0132,0)
227: (-3.32127,-12.1788,0)
228: (-3.0932,-11.3396,0)
229: (-1.80644,-12.2888,0)
230: (-1.98227,-13.4784,0)
231: (-2.16606,-14.7212,0)
232: (-2.33827,-15.8838,0)
233: (-2.48601,-16.8783,0)
234: (-2.60092,-17.6475,0)
235: (-2.6786,-18.1615,0)
236: (-2.71813,-18.4147,0)
237: (-2.72141,-18.4207,0)
238: (-2.69221,-18.2063,0)
239: (-2.63539,-17.8055,0)
240: (-2.55615,-17.2544,0)
241: (-2.45957,-16.588,0)
242: (-2.3503,-15.8383,0)
243: (-2.23242,-15.0327,0)
244: (-2.10933,-14.1944,0)
245: (-1.98374,-13.3415,0)
246: (-1.85753,-12.4862,0)
247: (-1.73031,-11.6259,0)
248: (-0.340266,-12.4162,0)
249: (-0.374167,-13.6182,0)
250: (-0.409682,-14.874,0)
251: (-0.443178,-16.0488,0)
252: (-0.472268,-17.0538,0)
253: (-0.4954,-17.8312,0)
254: (-0.511737,-18.3508,0)
255: (-0.521052,-18.6069,0)
256: (-0.5236,-18.6133,0)
257: (-0.51997,-18.397,0)
258: (-0.510959,-17.9922,0)
259: (-0.497458,-17.4356,0)
260: (-0.480369,-16.7625,0)
261: (-0.460548,-16.0051,0)
262: (-0.438767,-15.1913,0)
263: (-0.415695,-14.3443,0)
264: (-0.391877,-13.4825,0)
265: (-0.367702,-12.6182,0)
266: (-0.343136,-11.7489,0)
267: (1.13067,-12.3692,0)
268: (1.23918,-13.5669,0)
269: (1.35244,-14.818,0)
270: (1.45812,-15.9886,0)
271: (1.5481,-16.99,0)
272: (1.61707,-17.7647,0)
273: (1.66231,-18.2826,0)
274: (1.68334,-18.538,0)
275: (1.68156,-18.5446,0)
276: (1.65957,-18.3293,0)
277: (1.62065,-17.9264,0)
278: (1.56822,-17.3721,0)
279: (1.50557,-16.7017,0)
280: (1.43567,-15.9472,0)
281: (1.36104,-15.1365,0)
282: (1.28377,-14.2928,0)
283: (1.20549,-13.4342,0)
284: (1.12728,-12.5732,0)
285: (1.04886,-11.707,0)
286: (2.58573,-12.1486,0)
287: (2.83513,-13.325,0)
288: (3.09557,-14.5541,0)
289: (3.33895,-15.7039,0)
290: (3.54673,-16.6876,0)
291: (3.70684,-17.4487,0)
292: (3.81301,-17.9576,0)
293: (3.8641,-18.2087,0)
294: (3.86311,-18.2155,0)
295: (3.81582,-18.0044,0)
296: (3.7295,-17.6089,0)
297: (3.61188,-17.0647,0)
298: (3.47038,-16.4064,0)
299: (3.31174,-15.6655,0)
300: (3.14175,-14.8693,0)
301: (2.96522,-14.0406,0)
302: (2.78594,-13.1973,0)
303: (2.60645,-12.3516,0)
304: (2.42613,-11.5008,0)
305: (4.00448,-11.7575,0)
306: (4.39126,-12.8962,0)
307: (4.79524,-14.0857,0)
308: (5.1729,-15.1987,0)
309: (5.49557,-16.151,0)
310: (5.74457,-16.8878,0)
311: (5.91018,-17.3806,0)
312: (5.99061,-17.6239,0)
313: (5.99043,-17.6308,0)
314: (5.9185,-17.4267,0)
315: (5.786,-17.0442,0)
316: (5.60483,-16.5177,0)
317: (5.38647,-15.8808,0)
318: (5.14131,-15.1639,0)
319: (4.87835,-14.3934,0)
320: (4.60504,-13.5913,0)
321: (4.32728,-12.7752,0)
322: (4.04902,-11.9566,0)
323: (3.76935,-11.1332,0)
324: (5.367,-11.2013,0)
325: (5.88575,-12.2862,0)
326: (6.42758,-13.4197,0)
327: (6.93423,-14.4802,0)
328: (7.36725,-15.3876,0)
329: (7.70166,-16.0898,0)
330: (7.92438,-16.5596,0)
331: (8.03303,-16.7917,0)
332: (8.03365,-16.7985,0)
333: (7.93809,-16.6044,0)
334: (7.76128,-16.2402,0)
335: (7.51911,-15.7389,0)
336: (7.22695,-15.1322,0)
337: (6.89871,-14.4493,0)
338: (6.54647,-13.7154,0)
339: (6.18022,-12.9513,0)
340: (5.80788,-12.1737,0)
341: (5.43476,-11.3938,0)
342: (5.05965,-10.6092,0)
343: (6.65418,-10.4879,0)
344: (7.2976,-11.5038,0)
345: (7.96969,-12.5653,0)
346: (8.5982,-13.5584,0)
347: (9.13551,-14.4082,0)
348: (9.55062,-15.066,0)
349: (9.82734,-15.5061,0)
350: (9.96267,-15.7237,0)
351: (9.9641,-15.7304,0)
352: (9.84625,-15.549,0)
353: (9.6276,-15.2083,0)
354: (9.32783,-14.7391,0)
355: (8.96597,-14.1713,0)
356: (8.55927,-13.532,0)
357: (8.12269,-12.8448,0)
358: (7.66864,-12.1294,0)
359: (7.20694,-11.4013,0)
360: (6.7442,-10.6711,0)
361: (6.27893,-9.93632,0)
362: (7.84793,-9.6272,0)
363: (8.607,-10.5599,0)
364: (9.39991,-11.5344,0)
365: (10.1415,-12.4463,0)
366: (10.7755,-13.2266,0)
367: (11.2655,-13.8306,0)
368: (11.5923,-14.2349,0)
369: (11.7525,-14.435,0)
370: (11.7547,-14.4415,0)
371: (11.6162,-14.2753,0)
372: (11.3588,-13.9628,0)
373: (11.0056,-13.5324,0)
374: (10.5791,-13.0113,0)
375: (10.0997,-12.4247,0)
376: (9.58489,-11.794,0)
377: (9.04941,-11.1373,0)
378: (8.50483,-10.4689,0)
379: (7.95897,-9.7985,0)
380: (7.41006,-9.12395,0)
381: (8.93151,-8.63138,0)
382: (9.79557,-9.46781,0)
383: (10.6982,-10.3417,0)
384: (11.5424,-11.1594,0)
385: (12.2643,-11.8593,0)
386: (12.8222,-12.4011,0)
387: (13.1946,-12.7639,0)
388: (13.3773,-12.9437,0)
389: (13.3802,-12.9499,0)
390: (13.2231,-12.8012,0)
391: (12.9305,-12.5214,0)
392: (12.5289,-12.1357,0)
393: (12.0438,-11.6688,0)
394: (11.4983,-11.1429,0)
395: (10.9125,-10.5776,0)
396: (10.3031,-9.98883,0)
397: (9.68334,-9.38955,0)
398: (9.06201,-8.7884,0)
399: (8.43717,-8.1835,0)
400: (9.8897,-7.51439,0)
401: (10.8466,-8.24276,0)
402: (11.8462,-9.00375,0)
403: (12.7812,-9.71589,0)
404: (13.5808,-10.3255,0)
405: (14.199,-10.7975,0)
406: (14.6116,-11.1137,0)
407: (14.8143,-11.2706,0)
408: (14.8179,-11.2764,0)
409: (14.6443,-11.1474,0)
410: (14.3207,-10.9041,0)
411: (13.8763,-10.5687,0)
412: (13.3394,-10.1624,0)
413: (12.7355,-9.70478,0)
414: (12.087,-9.21265,0)
415: (11.4122,-8.70013,0)
416: (10.7259,-8.17836,0)
417: (10.0378,-7.65491,0)
418: (9.34584,-7.12816,0)
419: (10.7091,-6.29192,0)
420: (11.7454,-6.902,0)
421: (12.828,-7.53942,0)
422: (13.8407,-8.13599,0)
423: (14.7067,-8.64671,0)
424: (15.3764,-9.04233,0)
425: (15.8235,-9.30754,0)
426: (16.0433,-9.43938,0)
427: (16.0476,-9.44471,0)
428: (15.86,-9.33712,0)
429: (15.5098,-9.13385,0)
430: (15.0289,-8.85331,0)
431: (14.4477,-8.5134,0)
432: (13.7939,-8.13038,0)
433: (13.0918,-7.71841,0)
434: (12.3611,-7.28929,0)
435: (11.6179,-6.85237,0)
436: (10.8728,-6.41397,0)
437: (10.1233,-5.97277,0)
438: (11.3781,-4.98112,0)
439: (12.4793,-5.46435,0)
440: (13.6297,-5.96926,0)
441: (14.7058,-6.44187,0)
442: (15.6262,-6.84657,0)
443: (16.3379,-7.16022,0)
444: (16.8133,-7.37069,0)
445: (17.0471,-7.47561,0)
446: (17.0521,-7.48039,0)
447: (16.853,-7.39576,0)
448: (16.4813,-7.23532,0)
449: (15.9705,-7.01364,0)
450: (15.3532,-6.74486,0)
451: (14.6587,-6.44185,0)
452: (13.9128,-6.11583,0)
453: (13.1365,-5.77613,0)
454: (12.3468,-5.43018,0)
455: (11.5551,-5.083,0)
456: (10.7587,-4.73352,0)
457: (11.8873,-3.60039,0)
458: (13.038,-3.94998,0)
459: (14.24,-4.3153,0)
460: (15.3645,-4.65731,0)
461: (16.3263,-4.95032,0)
462: (17.0701,-5.1776,0)
463: (17.5671,-5.33036,0)
464: (17.8117,-5.40689,0)
465: (17.8171,-5.41106,0)
466: (17.6094,-5.35058,0)
467: (17.2213,-5.23523,0)
468: (16.688,-5.07552,0)
469: (16.0432,-4.88164,0)
470: (15.3178,-4.66289,0)
471: (14.5384,-4.42739,0)
472: (13.7275,-4.18189,0)
473: (12.9024,-3.93176,0)
474: (12.0751,-3.68066,0)
475: (11.243,-3.42783,0)
476: (12.2297,-2.16912,0)
477: (13.4137,-2.38017,0)
478: (14.6505,-2.60075,0)
479: (15.8075,-2.80738,0)
480: (16.7972,-2.98458,0)
481: (17.5627,-3.12229,0)
482: (18.0742,-3.21521,0)
483: (18.3261,-3.26228,0)
484: (18.3321,-3.26578,0)
485: (18.1186,-3.23028,0)
486: (17.7197,-3.16165,0)
487: (17.1711,-3.06614,0)
488: (16.5079,-2.94989,0)
489: (15.7617,-2.81848,0)
490: (14.96,-2.6768,0)
491: (14.1257,-2.52894,0)
492: (13.2769,-2.37815,0)
493: (12.4257,-2.22666,0)
494: (11.5695,-2.07402,0)
495: (12.4005,-0.707399,0)
496: (13.601,-0.776947,0)
497: (14.8553,-0.849702,0)
498: (16.0286,-0.918042,0)
499: (17.0323,-0.976946,0)
500: (17.8087,-1.02315,0)
501: (18.3276,-1.05492,0)
502: (18.5833,-1.07187,0)
503: (18.5896,-1.07464,0)
504: (18.3735,-1.06464,0)
505: (17.9692,-1.04368,0)
506: (17.4133,-1.01372,0)
507: (16.741,-0.976724,0)
508: (15.9845,-0.934493,0)
509: (15.1716,-0.888628,0)
510: (14.3257,-0.840485,0)
511: (13.465,-0.791157,0)
512: (12.6018,-0.741397,0)
513: (11.7336,-0.691093,0)
514: (12.3971,0.764253,0)
515: (13.5975,0.837186,0)
516: (14.8515,0.913279,0)
517: (16.0247,0.984188,0)
518: (17.0283,1.04441,0)
519: (17.8047,1.09035,0)
520: (18.3238,1.12017,0)
521: (18.5797,1.13359,0)
522: (18.5863,1.13157,0)
523: (18.3705,1.11594,0)
524: (17.9665,1.08894,0)
525: (17.4109,1.05293,0)
526: (16.739,1.01015,0)
527: (15.9828,0.962609,0)
528: (15.1702,0.912015,0)
529: (14.3245,0.859765,0)
530: (13.464,0.806945,0)
531: (12.6011,0.754271,0)
532: (11.733,0.701535,0)
533: (12.2197,2.22518,0)
534: (13.403,2.43957,0)
535: (14.6392,2.66344,0)
536: (15.7958,2.8726,0)
537: (16.7852,3.0511,0)
538: (17.5508,3.18855,0)
539: (18.0627,3.27954,0)
540: (18.3152,3.32313,0)
541: (18.322,3.32191,0)
542: (18.1096,3.28086,0)
543: (17.7116,3.20627,0)
544: (17.1642,3.10479,0)
545: (16.502,2.98284,0)
546: (15.7568,2.8462,0)
547: (14.9559,2.69986,0)
548: (14.1223,2.54795,0)
549: (13.2741,2.39372,0)
550: (12.4234,2.23935,0)
551: (11.5677,2.08432,0)
552: (11.8707,3.65486,0)
553: (13.0204,4.0077,0)
554: (14.2214,4.37621,0)
555: (15.3451,4.72069,0)
556: (16.3066,5.01496,0)
557: (17.0505,5.24198,0)
558: (17.548,5.39288,0)
559: (17.7936,5.46603,0)
560: (17.8005,5.46561,0)
561: (17.5944,5.39972,0)
562: (17.2081,5.27859,0)
563: (16.6765,5.11308,0)
564: (16.0334,4.91366,0)
565: (15.3095,4.68983,0)
566: (14.5316,4.44979,0)
567: (13.7218,4.20036,0)
568: (12.8978,3.94689,0)
569: (12.0714,3.693,0)
570: (11.24,3.43784,0)
571: (11.3551,5.03324,0)
572: (12.455,5.51957,0)
573: (13.604,6.02755,0)
574: (14.6791,6.50251,0)
575: (15.599,6.90842,0)
576: (16.3108,7.22183,0)
577: (16.787,7.43051,0)
578: (17.0222,7.53219,0)
579: (17.0291,7.53258,0)
580: (16.8323,7.44278,0)
581: (16.463,7.27681,0)
582: (15.9547,7.04958,0)
583: (15.3397,6.7755,0)
584: (14.6474,6.46763,0)
585: (13.9033,6.13727,0)
586: (13.1287,5.79381,0)
587: (12.3404,5.44465,0)
588: (11.5499,5.0948,0)
589: (10.7545,4.7431,0)
590: (10.6801,6.34097,0)
591: (11.7147,6.95396,0)
592: (12.7956,7.59427,0)
593: (13.807,8.19304,0)
594: (14.6724,8.7049,0)
595: (15.3422,9.1003,0)
596: (15.7903,9.36382,0)
597: (16.0119,9.49261,0)
598: (16.0186,9.49381,0)
599: (15.8338,9.38136,0)
600: (15.4868,9.17288,0)
601: (15.0089,8.88713,0)
602: (14.4307,8.54223,0)
603: (13.7796,8.15463,0)
604: (13.0798,7.73859,0)
605: (12.3513,7.30592,0)
606: (11.6099,6.86599,0)
607: (10.8662,6.42508,0)
608: (10.118,5.98177,0)
609: (9.85515,7.55967,0)
610: (10.81,8.29073,0)
611: (11.8076,9.05438,0)
612: (12.741,9.76857,0)
613: (13.5398,10.3792,0)
614: (14.1581,10.851,0)
615: (14.572,11.1657,0)
616: (14.7768,11.3198,0)
617: (14.7833,11.3218,0)
618: (14.6131,11.1882,0)
619: (14.2932,10.9402,0)
620: (13.8525,10.5999,0)
621: (13.319,10.189,0)
622: (12.7184,9.72716,0)
623: (12.0728,9.23127,0)
624: (11.4005,8.71548,0)
625: (10.7163,8.19093,0)
626: (10.03,7.66516,0)
627: (9.3395,7.13648,0)
628: (8.89185,8.67226,0)
629: (9.75354,9.51111,0)
630: (10.6538,10.3874,0)
631: (11.4962,11.207,0)
632: (12.2172,11.9078,0)
633: (12.7754,12.4494,0)
634: (13.1491,12.8108,0)
635: (13.3342,12.988,0)
636: (13.3405,12.9908,0)
637: (13.1873,12.8381,0)
638: (12.8989,12.5539,0)
639: (12.5015,12.1639,0)
640: (12.0205,11.6928,0)
641: (11.4787,11.1631,0)
642: (10.8962,10.5944,0)
643: (10.2897,10.0027,0)
644: (9.67232,9.4009,0)
645: (9.05303,8.79765,0)
646: (8.42988,8.191,0)
647: (7.80371,9.6631,0)
648: (8.56014,10.598,0)
649: (9.35045,11.5746,0)
650: (10.09,12.488,0)
651: (10.723,13.2692,0)
652: (11.2132,13.873,0)
653: (11.5416,14.2761,0)
654: (11.7044,14.474,0)
655: (11.7104,14.4774,0)
656: (11.5763,14.3077,0)
657: (11.3236,13.9914,0)
658: (10.9751,13.5571,0)
659: (10.5531,13.0324,0)
660: (10.0778,12.4424,0)
661: (9.56669,11.8087,0)
662: (9.03441,11.1495,0)
663: (8.49255,10.4789,0)
664: (7.94895,9.80663,0)
665: (7.40194,9.13054,0)
666: (6.60602,10.5183,0)
667: (7.24657,11.5361,0)
668: (7.91583,12.5993,0)
669: (8.54217,13.5938,0)
670: (9.07836,14.4443,0)
671: (9.49369,15.1019,0)
672: (9.77207,15.541,0)
673: (9.91038,15.7567,0)
674: (9.91587,15.7609,0)
675: (9.80279,15.5764,0)
676: (9.58926,15.2325,0)
677: (9.29462,14.76,0)
678: (8.93765,14.1891,0)
679: (8.53545,13.547,0)
680: (8.10288,12.8573,0)
681: (7.65231,12.1397,0)
682: (7.19356,11.4098,0)
683: (6.73329,10.6779,0)
684: (6.27008,9.9419,0)
685: (5.31559,11.2258,0)
686: (5.83127,12.3122,0)
687: (6.37008,13.4471,0)
688: (6.8744,14.5087,0)
689: (7.30624,15.4167,0)
690: (7.64088,16.1188,0)
691: (7.86537,16.5877,0)
692: (7.9772,16.8183,0)
693: (7.98216,16.823,0)
694: (7.8917,16.6265,0)
695: (7.72034,16.2597,0)
696: (7.48365,15.7557,0)
697: (7.19671,15.1466,0)
698: (6.87328,14.4614,0)
699: (6.52531,13.7254,0)
700: (6.16278,12.9596,0)
701: (5.79359,12.1805,0)
702: (5.42311,11.3994,0)
703: (5.05021,10.6137,0)
704: (3.95052,11.7758,0)
705: (4.33409,12.9155,0)
706: (4.7349,14.1062,0)
707: (5.11012,15.2199,0)
708: (5.43154,16.1726,0)
709: (5.68079,16.9094,0)
710: (5.84825,17.4015,0)
711: (5.93203,17.6437,0)
712: (5.9364,17.649,0)
713: (5.86981,17.4432,0)
714: (5.74305,17.0587,0)
715: (5.56763,16.5303,0)
716: (5.35475,15.8915,0)
717: (5.11463,15.1729,0)
718: (4.85615,14.4009,0)
719: (4.58674,13.5975,0)
720: (4.3123,12.7802,0)
721: (4.0368,11.9608,0)
722: (3.75944,11.1365,0)
723: (2.52999,12.1604,0)
724: (2.77607,13.3375,0)
725: (3.03324,14.5672,0)
726: (3.2741,15.7175,0)
727: (3.48059,16.7015,0)
728: (3.64096,17.4626,0)
729: (3.74904,17.9711,0)
730: (3.80359,18.2215,0)
731: (3.80729,18.2273,0)
732: (3.76553,18.015,0)
733: (3.68513,17.6182,0)
734: (3.57344,17.0727,0)
735: (3.43761,16.4133,0)
736: (3.28417,15.6713,0)
737: (3.11882,14.8741,0)
738: (2.94632,14.0446,0)
739: (2.77046,13.2006,0)
740: (2.59383,12.3543,0)
741: (2.41589,11.503,0)
742: (1.07394,12.3743,0)
743: (1.17906,13.5723,0)
744: (1.28899,14.8237,0)
745: (1.39211,15.9945,0)
746: (1.48077,16.996,0)
747: (1.55001,17.7706,0)
748: (1.59719,18.2884,0)
749: (1.62174,18.5435,0)
750: (1.62474,18.5496,0)
751: (1.60838,18.3339,0)
752: (1.57548,17.9304,0)
753: (1.52909,17.3755,0)
754: (1.47222,16.7046,0)
755: (1.40761,15.9497,0)
756: (1.3377,15.1386,0)
757: (1.26453,14.2945,0)
758: (1.18974,13.4356,0)
759: (1.11444,12.5743,0)
760: (1.03844,11.708,0)
761: (-0.397207,12.4145,0)
762: (-0.434501,13.6165,0)
763: (-0.473359,14.8722,0)
764: (-0.509429,16.0469,0)
765: (-0.539835,17.0518,0)
766: (-0.562705,17.8292,0)
767: (-0.577086,18.3489,0)
768: (-0.582868,18.6051,0)
769: (-0.580615,18.6116,0)
770: (-0.571342,18.3954,0)
771: (-0.556285,17.9909,0)
772: (-0.536719,17.4344,0)
773: (-0.513841,16.7615,0)
774: (-0.488704,16.0042,0)
775: (-0.462187,15.1906,0)
776: (-0.435001,14.3437,0)
777: (-0.407687,13.482,0)
778: (-0.380593,12.6179,0)
779: (-0.353592,11.7486,0)
780: (-1.86279,12.2804,0)
781: (-2.04198,13.4696,0)
782: (-2.22907,14.7118,0)
783: (-2.40383,15.874,0)
784: (-2.55287,16.8683,0)
785: (-2.66752,17.6376,0)
786: (-2.74326,18.1519,0)
787: (-2.7793,18.4056,0)
788: (-2.77783,18.4123,0)
789: (-2.74305,18.1987,0)
790: (-2.68024,17.7988,0)
791: (-2.595,17.2486,0)
792: (-2.49269,16.5831,0)
793: (-2.37816,15.8341,0)
794: (-2.25559,15.0293,0)
795: (-2.12843,14.1916,0)
796: (-1.99939,13.3391,0)
797: (-1.87028,12.4843,0)
798: (-1.74066,11.6243,0)
799: (-3.30223,11.974,0)
800: (-3.6208,13.1335,0)
801: (-3.95351,14.3449,0)
802: (-4.26448,15.4783,0)
803: (-4.53008,16.448,0)
804: (-4.7349,17.1983,0)
805: (-4.87093,17.7,0)
806: (-4.93672,17.9477,0)
807: (-4.93604,17.9545,0)
808: (-4.87624,17.7466,0)
809: (-4.76657,17.3569,0)
810: (-4.61684,16.8206,0)
811: (-4.43654,16.1718,0)
812: (-4.23423,15.4417,0)
813: (-4.01732,14.657,0)
814: (-3.79197,13.8402,0)
815: (-3.56302,13.009,0)
816: (-3.33371,12.1754,0)
817: (-3.10329,11.3369,0)
818: (-4.69532,11.4994,0)
819: (-5.1488,12.6131,0)
820: (-5.62245,13.7767,0)
821: (-6.06529,14.8653,0)
822: (-6.4437,15.7967,0)
823: (-6.73581,16.5175,0)
824: (-6.93022,16.9997,0)
825: (-7.02483,17.2378,0)
826: (-7.02496,17.2447,0)
827: (-6.94099,17.0453,0)
828: (-6.78599,16.6713,0)
829: (-6.57388,16.1564,0)
830: (-6.3181,15.5336,0)
831: (-6.03085,14.8325,0)
832: (-5.72266,14.079,0)
833: (-5.40229,13.2946,0)
834: (-5.07663,12.4963,0)
835: (-4.75034,11.6957,0)
836: (-4.42235,10.8902,0)
837: (-6.02252,10.8634,0)
838: (-6.60454,11.9157,0)
839: (-7.21247,13.015,0)
840: (-7.78095,14.0436,0)
841: (-8.26686,14.9237,0)
842: (-8.64217,15.6049,0)
843: (-8.89223,16.0607,0)
844: (-9.01433,16.2859,0)
845: (-9.01527,16.2927,0)
846: (-8.90829,16.1047,0)
847: (-8.71014,15.7516,0)
848: (-8.43862,15.2655,0)
849: (-8.11097,14.6773,0)
850: (-7.74281,14.0151,0)
851: (-7.34766,13.3033,0)
852: (-6.93676,12.5623,0)
853: (-6.51897,11.8081,0)
854: (-6.10028,11.0517,0)
855: (-5.67934,10.2907,0)
856: (-7.26519,10.0749,0)
857: (-7.96758,11.0509,0)
858: (-8.70126,12.0706,0)
859: (-9.3874,13.0248,0)
860: (-9.97399,13.8412,0)
861: (-10.4272,14.4732,0)
862: (-10.7294,14.8962,0)
863: (-10.8773,15.1054,0)
864: (-10.879,15.1121,0)
865: (-10.7505,14.938,0)
866: (-10.512,14.6108,0)
867: (-10.1849,14.1603,0)
868: (-9.78998,13.6149,0)
869: (-9.34608,13.0009,0)
870: (-8.86951,12.3409,0)
871: (-8.37385,11.6537,0)
872: (-7.8698,10.9542,0)
873: (-7.36459,10.2527,0)
874: (-6.85659,9.5468,0)
875: (-8.40589,9.14497,0)
876: (-9.21878,10.0311,0)
877: (-10.0679,10.9568,0)
878: (-10.8621,11.8231,0)
879: (-11.5411,12.5644,0)
880: (-12.0659,13.1384,0)
881: (-12.416,13.5226,0)
882: (-12.5875,13.7129,0)
883: (-12.59,13.7193,0)
884: (-12.4419,13.5616,0)
885: (-12.1663,13.265,0)
886: (-11.7882,12.8563,0)
887: (-11.3315,12.3614,0)
888: (-10.8181,11.8042,0)
889: (-10.2669,11.2052,0)
890: (-9.69339,10.5814,0)
891: (-9.11015,9.94653,0)
892: (-8.52551,9.30966,0)
893: (-7.93759,8.66883,0)
894: (-9.4286,8.08666,0)
895: (-10.3406,8.87035,0)
896: (-11.2932,9.68916,0)
897: (-12.1843,10.4554,0)
898: (-12.9462,11.1112,0)
899: (-13.5352,11.619,0)
900: (-13.9282,11.9592,0)
901: (-14.1211,12.1278,0)
902: (-14.1243,12.1339,0)
903: (-13.9585,11.9948,0)
904: (-13.6498,11.7329,0)
905: (-13.226,11.3718,0)
906: (-12.714,10.9344,0)
907: (-12.1383,10.4419,0)
908: (-11.5201,9.91224,0)
909: (-10.8768,9.36069,0)
910: (-10.2226,8.79922,0)
911: (-9.56674,8.23596,0)
912: (-8.90716,7.66917,0)
913: (-10.319,6.91483,0)
914: (-11.3172,7.58514,0)
915: (-12.36,8.2855,0)
916: (-13.3354,8.94094,0)
917: (-14.1696,9.50204,0)
918: (-14.8144,9.93663,0)
919: (-15.2449,10.2279,0)
920: (-15.4564,10.3725,0)
921: (-15.4603,10.3782,0)
922: (-15.2792,10.2597,0)
923: (-14.9417,10.0361,0)
924: (-14.4781,9.72762,0)
925: (-13.918,9.35393,0)
926: (-13.2881,8.93292,0)
927: (-12.6115,8.48013,0)
928: (-11.9076,8.00853,0)
929: (-11.1916,7.52839,0)
930: (-10.4737,7.04666,0)
931: (-9.75169,6.56186,0)
932: (-11.0645,5.64595,0)
933: (-12.135,6.19345,0)
934: (-13.2533,6.76554,0)
935: (-14.2994,7.301,0)
936: (-15.194,7.75948,0)
937: (-15.8857,8.11474,0)
938: (-16.3477,8.35301,0)
939: (-16.5747,8.47163,0)
940: (-16.5792,8.47675,0)
941: (-16.3854,8.38053,0)
942: (-16.0238,8.19843,0)
943: (-15.527,7.94695,0)
944: (-14.9267,7.64213,0)
945: (-14.2514,7.29858,0)
946: (-13.526,6.92899,0)
947: (-12.7712,6.54396,0)
948: (-12.0034,6.15187,0)
949: (-11.2336,5.75843,0)
950: (-10.4593,5.36243,0)
951: (-11.6548,4.29783,0)
952: (-12.7825,4.71485,0)
953: (-13.9606,5.15063,0)
954: (-15.0626,5.5586,0)
955: (-16.0051,5.90803,0)
956: (-16.734,6.17897,0)
957: (-17.2209,6.36092,0)
958: (-17.4603,6.45184,0)
959: (-17.4654,6.45638,0)
960: (-17.2616,6.38375,0)
961: (-16.881,6.24569,0)
962: (-16.3579,6.05473,0)
963: (-15.7257,5.82305,0)
964: (-15.0145,5.56178,0)
965: (-14.2505,5.28058,0)
966: (-13.4555,4.98752,0)
967: (-12.6467,4.68901,0)
968: (-11.8358,4.38938,0)
969: (-11.0201,4.08773,0)
970: (-12.0814,2.88943,0)
971: (-13.2505,3.17012,0)
972: (-14.4719,3.46349,0)
973: (-15.6144,3.73825,0)
974: (-16.5916,3.97374,0)
975: (-17.3474,4.15655,0)
976: (-17.8523,4.27962,0)
977: (-18.1009,4.34156,0)
978: (-18.1064,4.34545,0)
979: (-17.8954,4.29742,0)
980: (-17.5012,4.20533,0)
981: (-16.9592,4.07755,0)
982: (-16.304,3.92227,0)
983: (-15.5669,3.74694,0)
984: (-14.775,3.55807,0)
985: (-13.951,3.36109,0)
986: (-13.1125,3.16033,0)
987: (-12.2718,2.95871,0)
988: (-11.4262,2.75566,0)
989: (-12.3385,1.44057,0)
990: (-13.5326,1.58102,0)
991: (-14.78,1.72791,0)
992: (-15.9469,1.86561,0)
993: (-16.9451,1.98386,0)
994: (-17.7172,2.07597,0)
995: (-18.2332,2.13843,0)
996: (-18.4873,2.17051,0)
997: (-18.4933,2.17367,0)
998: (-18.2781,2.15091,0)
999: (-17.8757,2.10606,0)
1000: (-17.3224,2.04325,0)
1001: (-16.6535,1.96652,0)
1002: (-15.9008,1.87958,0)
1003: (-15.0921,1.78567,0)
1004: (-14.2505,1.68752,0)
1005: (-13.3943,1.58732,0)
1006: (-12.5356,1.48654,0)
1007: (-11.6719,1.38491,0)
